19.8
21.9
22.5
16
16.2
18.1
17.7
18.2
18.2
19.4
20.1
20
18.9
19
18.3
18
18.2
18.2
17.2
17.5
18.4
18.1
17.2
16.9
17
17
17.5
18.2
18.7
18.8
18.9
19
19.1
21.1
22.1
22.8
22.7
22.9
23.2
25.2
25.6
28.1
30.3
30.3
31.1
31.3
44.6
28.3
30.3
28.8
28.4
28.4
27.7
25.8
28.6
25.9
26.5
24.7
45.2
25
26.7
26.8
28.6
28.5
28
27.7
27.7
28.4
28.5
28.4
31
28.6
30.4
31.7
32.6
35.3
36.4
38
40.1
40.8
41.7
43.2
46.8
50.7
49.9
52.4
49.5
53.5
53.2
54.2
54.2
57.5
61.1
60.4
60.5
76
75
70.8
74.7
70
66.8
67.3
60.3
61
58.4
55
50.5
48.6
47.1
48.4
42.2
44.1
46.3
44.6
50.5
47.9
47.5
50.7
54.1
54.5
56.2
57.4
59.4
59.8
60.6
63.2
62.8
64.9
67.1
68.3
68.4
71.1
69
69
69.9
71.5
72.7
72.3
74.6
73.8
78.4
76.5
82.3
79.7
83
85.7
86.1
88
85.8
87.5
84.7
86
82.5
84.1
80.9
83.3
84.1
82.5
85
82.9
84
84.9
87.2
89.6
89.5
91.5
90.2
90.5
89.7
89.8
88.9
90.5
91.9
90.9
88.7
87.6
89.3
88.4
90.3
93.1
93
97.3
95
97
98.2
113.9
90.1
103.5
104.4
105.4
105.5
106
108.2
102.3
110.6
108.3
108.4
95.3
110.3
108.7
109.1
107.5
110.9
110.8
108.4
112.8
107.5
110.1
108.5
110.3
108.3
109.3
111.3
116
115.5
112.2
119
119.4
123.3
124.1
127.4
126.6
134.5
136.3
135
133.3
136.3
136.8
137.9
140.3
140.3
142.6
130.1
128.3
127.2
128.5
131.7
131.2
127.8
