98
102.3
93.9
99
98.6
97.7
97.1
96.7
100.7
102.2
102.3
97.7
97.6
96.7
96.7
101.1
100.5
90.7
99.1
94.4
93.5
100
95.4
118.6
117.8
116.1
121.3
115.9
121.5
114.3
109.9
113.9
112.2
106.4
109
106.3
108.9
106.8
104.5
107.7
106.3
103.9
107.5
110.5
107.7
104.4
103.9
105.1
106.8
105.9
104.9
107.5
109.2
112.2
104.6
109.9
109.9
113.2
111.2
102.1
102
105.7
111.2
103.5
104.4
107.5
101.3
108.4
103.8
105.9
104.6
108.1
104.1
107.6
104.8
108
105.1
104.8
110.8
103.3
106.7
101
107.1
101.7
100.9
101.1
96.1
100.9
97.8
104
108.8
94.9
97.8
97.4
100.2
99.5
101.4
97.4
101.4
97
101.2
98.7
98.4
100.6
98.9
98
102.8
103.3
100.5
101.8
97
101.7
100.4
98.3
102.2
98.9
96.7
101.8
96
97.8
101.1
94.3
99.5
99
97.5
101.2
101.2
101.1
99.5
106.8
100.7
99.8
101.8
99
99.7
100.3
103.2
100.8
103
103.9
103.6
105.6
99.1
109
107.4
109.6
106.5
111.3
105.5
104.1
102.2
102.1
108.8
105
112.6
110.3
109.2
108.8
117.6
109.4
108
108.4
101.6
103.3
105.5
103.4
102.1
101.9
99.3
96
81.3
91.1
98.6
98.8
98.9
101.2
95.7
93.6
92.8
97.7
99.4
101.8
95.4
102.6
97.2
102.7
104.7
102.2
106.3
109.7
108.8
