"values" "time"
311 1995
305 1995.08333333333
301 1995.16666666667
298 1995.25
296 1995.33333333333
293 1995.41666666667
289 1995.5
287 1995.58333333333
285 1995.66666666667
282 1995.75
280 1995.83333333333
276 1995.91666666667
273 1996
273 1996.08333333333
272 1996.16666666667
270 1996.25
268 1996.33333333333
268 1996.41666666667
268 1996.5
268 1996.58333333333
268 1996.66666666667
268 1996.75
268 1996.83333333333
269 1996.91666666667
271 1997
274 1997.08333333333
275 1997.16666666667
277 1997.25
278 1997.33333333333
276 1997.41666666667
275 1997.5
279 1997.58333333333
284 1997.66666666667
288 1997.75
287 1997.83333333333
285 1997.91666666667
298 1998
302 1998.08333333333
303 1998.16666666667
304 1998.25
305 1998.33333333333
311 1998.41666666667
320 1998.5
323 1998.58333333333
328 1998.66666666667
326 1998.75
329 1998.83333333333
340 1998.91666666667
356 1999
371 1999.08333333333
386 1999.16666666667
393 1999.25
402 1999.33333333333
414 1999.41666666667
420 1999.5
428 1999.58333333333
435 1999.66666666667
446 1999.75
458 1999.83333333333
464 1999.91666666667
464 2000
471 2000.08333333333
476 2000.16666666667
480 2000.25
490 2000.33333333333
495 2000.41666666667
505 2000.5
472 2000.58333333333
473 2000.66666666667
479 2000.75
487 2000.83333333333
491 2000.91666666667
500 2001
498 2001.08333333333
500 2001.16666666667
507 2001.25
506 2001.33333333333
506 2001.41666666667
504 2001.5
506 2001.58333333333
507 2001.66666666667
510 2001.75
507 2001.83333333333
499 2001.91666666667
493 2002
489 2002.08333333333
485 2002.16666666667
485 2002.25
488 2002.33333333333
485 2002.41666666667
484 2002.5
483 2002.58333333333
481 2002.66666666667
482 2002.75
481 2002.83333333333
478 2002.91666666667
469 2003
463 2003.08333333333
458 2003.16666666667
451 2003.25
448 2003.33333333333
448 2003.41666666667
451 2003.5
457 2003.58333333333
452 2003.66666666667
456 2003.75
463 2003.83333333333
478 2003.91666666667
486 2004
492 2004.08333333333
494 2004.16666666667
497 2004.25
492 2004.33333333333
483 2004.41666666667
476 2004.5
472 2004.58333333333
470 2004.66666666667
467 2004.75
463 2004.83333333333
459 2004.91666666667
451 2005
445 2005.08333333333
442 2005.16666666667
435 2005.25
431 2005.33333333333
425 2005.41666666667
418 2005.5
417 2005.58333333333
421 2005.66666666667
419 2005.75
412 2005.83333333333
405 2005.91666666667
394 2006
384 2006.08333333333
375 2006.16666666667
369 2006.25
360 2006.33333333333
352 2006.41666666667
347 2006.5
342 2006.58333333333
335 2006.66666666667
330 2006.75
324 2006.83333333333
315 2006.91666666667
306 2007
298 2007.08333333333
293 2007.16666666667
293 2007.25
294 2007.33333333333
297 2007.41666666667
301 2007.5
302 2007.58333333333
297 2007.66666666667
287 2007.75
280 2007.83333333333
277 2007.91666666667
275 2008
271 2008.08333333333
268 2008.16666666667
269 2008.25
269 2008.33333333333
261 2008.41666666667
249 2008.5
240 2008.58333333333
235 2008.66666666667
233 2008.75
235 2008.83333333333
241 2008.91666666667
267 2009
280 2009.08333333333
294 2009.16666666667
305 2009.25
317 2009.33333333333
326 2009.41666666667
335 2009.5
343 2009.58333333333
357 2009.66666666667
366 2009.75
377 2009.83333333333
387 2009.91666666667
407 2010
408 2010.08333333333
407 2010.16666666667
403 2010.25
400 2010.33333333333
396 2010.41666666667
392 2010.5
389 2010.58333333333
390 2010.66666666667
385 2010.75
380 2010.83333333333
377 2010.91666666667
374 2011
372 2011.08333333333
370 2011.16666666667
371 2011.25
371 2011.33333333333
367 2011.41666666667
365 2011.5
365 2011.58333333333
369 2011.66666666667
374 2011.75
377 2011.83333333333
381 2011.91666666667
383 2012
382 2012.08333333333
381 2012.16666666667
389 2012.25
385 2012.33333333333
379 2012.41666666667
385 2012.5
389 2012.58333333333
387 2012.66666666667
391 2012.75
395 2012.83333333333
396 2012.91666666667
397 2013
398 2013.08333333333
397 2013.16666666667
397 2013.25
397 2013.33333333333
398 2013.41666666667
394 2013.5
391 2013.58333333333
391 2013.66666666667
390 2013.75
389 2013.83333333333
388 2013.91666666667
386 2014
384 2014.08333333333
382 2014.16666666667
378 2014.25
374 2014.33333333333
370 2014.41666666667
366 2014.5
362 2014.58333333333
353 2014.66666666667
350 2014.75
347 2014.83333333333
345 2014.91666666667
344 2015
340 2015.08333333333
336 2015.16666666667
330 2015.25
325 2015.33333333333
324 2015.41666666667
321 2015.5
318 2015.58333333333
314 2015.66666666667
310 2015.75
305 2015.83333333333
302 2015.91666666667
296 2016
293 2016.08333333333
287 2016.16666666667
283 2016.25
278 2016.33333333333
275 2016.41666666667
271 2016.5
268 2016.58333333333
264 2016.66666666667
260 2016.75
257 2016.83333333333
253 2016.91666666667
248 2017
244 2017.08333333333
240 2017.16666666667
238 2017.25
234 2017.33333333333
228 2017.41666666667
224 2017.5
222 2017.58333333333
220 2017.66666666667
218 2017.75
215 2017.83333333333
211 2017.91666666667
205 2018
200 2018.08333333333
195 2018.16666666667
191 2018.25
188 2018.33333333333
186 2018.41666666667
181 2018.5
178 2018.58333333333
176 2018.66666666667
172 2018.75
169 2018.83333333333
166 2018.91666666667
165 2019
163 2019.08333333333
162 2019.16666666667
160 2019.25
160 2019.33333333333
161 2019.41666666667
161 2019.5
161 2019.58333333333
163 2019.66666666667
161 2019.75
162 2019.83333333333
163 2019.91666666667
166 2020
168 2020.08333333333
169 2020.16666666667
183 2020.25
184 2020.33333333333
185 2020.41666666667
191 2020.5
193 2020.58333333333
192 2020.66666666667
193 2020.75
194 2020.83333333333
195 2020.91666666667
194 2021
193 2021.08333333333
194 2021.16666666667
192 2021.25
190 2021.33333333333
189 2021.41666666667
187 2021.5
186 2021.58333333333
184 2021.66666666667
182 2021.75
181 2021.83333333333
180 2021.91666666667
179 2022
177 2022.08333333333
175 2022.16666666667
174 2022.25
173 2022.33333333333
171 2022.41666666667
168 2022.5
165 2022.58333333333
163 2022.66666666667
