6
6.1
6.1
6.2
6.3
6.3
6.4
6.5
6.5
6.5
6.6
6.6
6.7
6.8
6.9
6.9
7
7.1
7.1
7.1
7
7
6.9
6.9
6.9
6.9
6.7
6.6
6.6
6
6
5.9
5.8
5.8
5.7
5.8
5.7
5.7
5.7
5.7
5.7
5.7
5.8
5.8
5.9
6
6.1
6.2
6.3
6.4
6.6
6.7
6.8
6.9
7.1
7.3
7.5
7.6
7.7
7.8
7.8
7.9
8
8.3
8.4
8.5
8.6
8.7
8.9
9.1
9.2
9.3
9.5
9.6
9.7
9.8
10
10.1
10.3
10.5
10.7
10.8
11
11.1
11.3
11.4
11.5
11.6
11.7
12
12.1
12.3
12.3
12.4
12.5
12.6
12.9
13.1
13.2
13.4
13.5
13.7
13.8
13.8
13.9
14
14
14
14
14.1
14.3
14.2
14.2
14.2
14.2
14.2
14.3
14.3
14.1
13.9
13.9
13.8
13.6
13.8
14
13.7
13.7
13.8
13.8
13.7
13.6
13.5
13.4
13.4
13.5
13.6
13.7
13.7
13.8
13.8
13.8
13.8
14
14.2
14.2
14.3
14.5
14.6
14.7
14.9
15
15
14.2
13.8
13.4
13.1
12.6
12.3
12
11.6
11.2
10.8
10.3
9.9
9.1
8.9
8.7
8.8
9
9.4
9.9
10.2
10.2
10.2
10.3
10.4
10.5
10.6
10.9
11.3
11.5
11.5
11.4
11.3
11.3
11.2
11.4
11.7
12.1
12.4
12.6
12.8
13.1
13.3
13.4
13.7
14
14.3
14.6
15
15.4
15.7
16
16.1
16
16.1
16.3
16.6
16.7
17
17.1
17.3
17.6
17.7
17.8
17.9
18
18.2
18.5
18.8
19.1
19
19
18.7
18.4
17.9
17.6
17.5
17.6
17.4
17.3
17.3
17.4
17.8
18
18.2
18.5
18.6
18.7
18.7
18.8
18.8
18.9
19
18.9
18.9
19
19.1
19.3
19.5
19.6
19.5
19.5
19.4
19.5
19.5
19.6
19.4
19.3
19.4
19.1
19
18.8
18.6
18.6
19.7
19.4
19.2
18.9
18.7
18.5
18.3
18.3
18.1
17.7
17.3
17.1
16.7
16.5
16.1
15.7
15.4
14.8
14.2
13.6
13.3
13.2
13.2
13
12.9
12.5
12.3
12.2
12.2
12.2
12.1
